APC PROP 10x3.8SF V = 0

RPM      V          J         Pe          Ct          Cp           PWR         Torque      Thrust
2000     0.0        0.00      0.0000      0.1294      0.0558       0.004       0.113       0.165
3000     0.0        0.00      0.0000      0.1279      0.0548       0.012       0.250       0.367
4000     0.0        0.00      0.0000      0.1272      0.0538       0.028       0.437       0.648
5000     0.0        0.00      0.0000      0.1271      0.0527       0.053       0.668       1.012
6000     0.0        0.00      0.0000      0.1270      0.0520       0.090       0.948       1.457
7000     0.0        0.00      0.0000      0.1275      0.0526       0.145       1.307       1.990
8000     0.0        0.00      0.0000      0.1280      0.0533       0.220       1.730       2.610
9000     0.0        0.00      0.0000      0.1285      0.0540       0.317       2.219       3.315
10000    0.0        0.00      0.0000      0.1294      0.0549       0.441       2.782       4.123
11000    0.0        0.00      0.0000      0.1300      0.0557       0.596       3.417       5.009
12000    0.0        0.00      0.0000      0.1308      0.0564       0.784       4.118       5.998
13000    0.0        0.00      0.0000      0.1324      0.0565       0.998       4.839       7.129
14000    0.0        0.00      0.0000      0.1335      0.0565       1.247       5.615       8.334
15000    0.0        0.00      0.0000      0.1349      0.0568       1.542       6.479       9.668
16000    0.0        0.00      0.0000      0.1366      0.0573       1.889       7.441      11.137


DEFINITIONS:                                                                                         
         J=V/nD (advance ratio)                                                                               
         Ct=T/(rho * n**2 * D**4) (thrust coef.)                                                              
         Cp=P/(rho * n**3 * D**5) (power coef.)                                                               
         Pe=Ct*J/Cp (efficiency)                                                                              
         V  (model speed in MPH) 