116.0 
57.0 
140.0 
77.0 
25.5 
106.0 
72.5 
28.0 
95.5 
83.0 
77.5 
97.0 
116.0 
-10.0 
74.5 
91.5 
-27.5 
-250.0 
-189.0 
-142.5 
649.0 
-469942.0 
-945778.5 
-944896.5 
-941570.0 
-941056.5 
-941366.0 
-940610.0 
-940349.5 
-940766.5 
-940703.5 
-940573.5 
-940584.0 
-941734.5 
-939891.0 
-941810.0 
-940112.0 
-938418.5 
-937467.5 
-940740.5 
-939156.5 
-255825.0 
-7577.0 
-87865.5 
-1091205.0 
-1096586.5 
-1095768.5 
-1094964.5 
-1094400.5 
-1093962.0 
-1093572.0 
-1093843.5 
-1093641.0 
-1093493.5 
-1093535.0 
-1093363.0 
-1089119.5 
-1034041.0 
-1221590.5 
-1248770.5 
-1248677.0 
-1248891.0 
-1248627.5 
-1248024.0 
-1248208.5 
-1248256.5 
-1248164.0 
-1248240.5 
-1248786.0 
-1248300.0 
-1238566.0 
-1024710.0 
-1419329.0 
-1401123.0 
-1401005.5 
-1400922.0 
-1400804.5 
-1400580.5 
-1400520.0 
-1400458.0 
-1400434.5 
-1400326.0 
-1400160.5 
-1400024.5 
-1397325.0 
-1425913.0 
-1362034.0 
-1016642.5 
-1362306.5 
-1547805.0 
-1551082.0 
-1550836.0 
-1550828.0 
-1550359.0 
-1550382.5 
-1550132.5 
-1550408.0 
-1550201.0 
-1550023.0 
-1549924.5 
-1549885.5 
-1549885.5 
